#E:\SkyDrive\Sharing data\XAFS\20161112_MnFe\RawData\testMn1Fe9-Mn.txt
2016-11-15 18:13
#comment :
#0
360#
6.103000E+2 3.847580E-12 1.952119E-14 1.771600E-11 0.000000E+0 2.171811E-1
6.106000E+2 3.858340E-12 1.123957E-14 1.768100E-11 0.000000E+0 2.182196E-1
6.109000E+2 3.869080E-12 1.306530E-14 1.769200E-11 0.000000E+0 2.186909E-1
6.112000E+2 3.854560E-12 1.866904E-14 1.771367E-11 5.773503E-16 2.176037E-1
6.115000E+2 3.873860E-12 1.281417E-14 1.770033E-11 5.773503E-16 2.188580E-1
6.118000E+2 3.876520E-12 6.601666E-15 1.770600E-11 2.251666E-14 2.189382E-1
6.121000E+2 3.836380E-12 2.064926E-14 1.772567E-11 1.501111E-14 2.164308E-1
6.124000E+2 3.877220E-12 2.548562E-14 1.774700E-11 0.000000E+0 2.184719E-1
6.127000E+2 3.903940E-12 4.993796E-15 1.777400E-11 0.000000E+0 2.196433E-1
6.130000E+2 3.880940E-12 1.881364E-14 1.777600E-11 3.464102E-15 2.183247E-1
6.133000E+2 3.848520E-12 1.076067E-14 1.779300E-11 0.000000E+0 2.162940E-1
6.136000E+2 3.891860E-12 6.836885E-15 1.779500E-11 3.464102E-15 2.187053E-1
6.139000E+2 3.909280E-12 1.368894E-14 1.782500E-11 0.000000E+0 2.193144E-1
6.142000E+2 3.897800E-12 1.218339E-14 1.783700E-11 0.000000E+0 2.185233E-1
6.145000E+2 3.885660E-12 3.974670E-15 1.786300E-11 6.928203E-15 2.175256E-1
6.148000E+2 3.892540E-12 4.411689E-15 1.788500E-11 0.000000E+0 2.176427E-1
6.151000E+2 3.890600E-12 3.443109E-15 1.790500E-11 0.000000E+0 2.172913E-1
6.154000E+2 3.895120E-12 1.061942E-14 1.792500E-11 0.000000E+0 2.173010E-1
6.157000E+2 3.899300E-12 2.808024E-15 1.795000E-11 0.000000E+0 2.172312E-1
6.160000E+2 3.916160E-12 9.884230E-15 1.795167E-11 2.136196E-14 2.181502E-1
6.163000E+2 3.903560E-12 1.880460E-14 1.796800E-11 0.000000E+0 2.172507E-1
6.166000E+2 3.902680E-12 2.414978E-14 1.798467E-11 1.096966E-14 2.170004E-1
6.169000E+2 3.892920E-12 1.677534E-14 1.798800E-11 0.000000E+0 2.164176E-1
6.172000E+2 3.905840E-12 1.536385E-14 1.799200E-11 1.212436E-14 2.170876E-1
6.175000E+2 3.901800E-12 3.498085E-14 1.803100E-11 0.000000E+0 2.163940E-1
6.178000E+2 3.900600E-12 1.846185E-14 1.805000E-11 0.000000E+0 2.160997E-1
6.181000E+2 3.895900E-12 6.458038E-14 1.804967E-11 5.773503E-16 2.158433E-1
6.184000E+2 3.868700E-12 5.847136E-14 1.808100E-11 0.000000E+0 2.139649E-1
6.187000E+2 3.920040E-12 3.250851E-14 1.811600E-11 0.000000E+0 2.163855E-1
6.190000E+2 3.876980E-12 1.667459E-14 1.811700E-11 0.000000E+0 2.139968E-1
6.193000E+2 3.947260E-12 2.315282E-14 1.813033E-11 1.962991E-14 2.177158E-1
6.196000E+2 3.937080E-12 2.879934E-14 1.817600E-11 0.000000E+0 2.166087E-1
6.199000E+2 3.924920E-12 1.488345E-14 1.819100E-11 0.000000E+0 2.157616E-1
6.202000E+2 3.953360E-12 1.610351E-14 1.821200E-11 0.000000E+0 2.170745E-1
6.205000E+2 3.957120E-12 3.493852E-15 1.823400E-11 0.000000E+0 2.170188E-1
6.208000E+2 3.945880E-12 6.390775E-15 1.825133E-11 1.616581E-14 2.161968E-1
6.211000E+2 3.943960E-12 4.598695E-15 1.826800E-11 0.000000E+0 2.158945E-1
6.214000E+2 3.961840E-12 8.197744E-15 1.830800E-11 0.000000E+0 2.163994E-1
6.217000E+2 3.968160E-12 4.824210E-15 1.831267E-11 8.082904E-15 2.166894E-1
6.220000E+2 3.982940E-12 1.389111E-14 1.841000E-11 0.000000E+0 2.163466E-1
6.223000E+2 3.981400E-12 2.654016E-14 1.834200E-11 1.385641E-14 2.170647E-1
6.226000E+2 3.952240E-12 6.355155E-15 1.836900E-11 3.464102E-15 2.151581E-1
6.229000E+2 3.957700E-12 1.772823E-14 1.840400E-11 0.000000E+0 2.150456E-1
6.232000E+2 3.959940E-12 6.167090E-15 1.844000E-11 0.000000E+0 2.147473E-1
6.235000E+2 3.994420E-12 2.274900E-14 1.846033E-11 2.886751E-15 2.163785E-1
6.238000E+2 3.988540E-12 1.404397E-14 1.846600E-11 0.000000E+0 2.159937E-1
6.241000E+2 3.997460E-12 1.388823E-14 1.851000E-11 0.000000E+0 2.159622E-1
6.244000E+2 4.010640E-12 1.233260E-14 1.851900E-11 0.000000E+0 2.165689E-1
6.247000E+2 4.007020E-12 9.050801E-15 1.853700E-11 0.000000E+0 2.161633E-1
6.250000E+2 4.027040E-12 1.085878E-14 1.854800E-11 1.212436E-14 2.171145E-1
6.253000E+2 4.016220E-12 3.270627E-15 1.858800E-11 0.000000E+0 2.160652E-1
6.256000E+2 4.033740E-12 7.272414E-15 1.860200E-11 0.000000E+0 2.168444E-1
6.259000E+2 4.027480E-12 1.120991E-14 1.863000E-11 8.660254E-15 2.161825E-1
6.262000E+2 4.037440E-12 1.501626E-14 1.865900E-11 0.000000E+0 2.163803E-1
6.265000E+2 4.038600E-12 1.088187E-14 1.864900E-11 2.078461E-14 2.165585E-1
6.268000E+2 4.044380E-12 6.389601E-15 1.868300E-11 0.000000E+0 2.164738E-1
6.271000E+2 4.050720E-12 1.044064E-14 1.872700E-11 0.000000E+0 2.163037E-1
6.274000E+2 4.065380E-12 1.839897E-14 1.874200E-11 1.732051E-15 2.169128E-1
6.277000E+2 4.054000E-12 1.820577E-14 1.876000E-11 0.000000E+0 2.160981E-1
6.280000E+2 4.061380E-12 8.101975E-15 1.875200E-11 0.000000E+0 2.165838E-1
6.283000E+2 4.055920E-12 6.807129E-15 1.877700E-11 3.464102E-15 2.160047E-1
6.286000E+2 4.062960E-12 6.552328E-15 1.878200E-11 0.000000E+0 2.163220E-1
6.289000E+2 4.060460E-12 1.135289E-14 1.878500E-11 0.000000E+0 2.161544E-1
6.292000E+2 4.064620E-12 8.770804E-15 1.880700E-11 0.000000E+0 2.161227E-1
6.295000E+2 4.065120E-12 1.573363E-14 1.885000E-11 0.000000E+0 2.156562E-1
6.298000E+2 4.082980E-12 2.144614E-14 1.884033E-11 5.773503E-15 2.167148E-1
6.301000E+2 4.061000E-12 1.189538E-14 1.887400E-11 0.000000E+0 2.151637E-1
6.304000E+2 4.081040E-12 8.055309E-15 1.889000E-11 0.000000E+0 2.160424E-1
6.307000E+2 4.076300E-12 4.891319E-15 1.888900E-11 6.928203E-15 2.158028E-1
6.310000E+2 4.079480E-12 5.486985E-15 1.888900E-11 0.000000E+0 2.159712E-1
6.313000E+2 4.081660E-12 7.520838E-15 1.891000E-11 5.196152E-15 2.158466E-1
6.316000E+2 4.089880E-12 1.104885E-14 1.894200E-11 0.000000E+0 2.159160E-1
6.319000E+2 4.092820E-12 1.115961E-14 1.893100E-11 0.000000E+0 2.161967E-1
6.322000E+2 4.072020E-12 1.626152E-14 1.894400E-11 1.732051E-15 2.149504E-1
6.325000E+2 4.052180E-12 8.851384E-15 1.893900E-11 0.000000E+0 2.139596E-1
6.328000E+2 4.112960E-12 8.752314E-15 1.893400E-11 0.000000E+0 2.172262E-1
6.331000E+2 4.112700E-12 2.786988E-14 1.893900E-11 0.000000E+0 2.171551E-1
6.334000E+2 4.101980E-12 3.515540E-14 1.894700E-11 0.000000E+0 2.164976E-1
6.337000E+2 4.058780E-12 2.326364E-14 1.896467E-11 6.350853E-15 2.140180E-1
6.340000E+2 4.063720E-12 1.704735E-14 1.896200E-11 0.000000E+0 2.143086E-1
6.343000E+2 4.071560E-12 1.943510E-14 1.896300E-11 0.000000E+0 2.147108E-1
6.346000E+2 4.074580E-12 1.304577E-14 1.896933E-11 1.270171E-14 2.147983E-1
6.349000E+2 4.070080E-12 1.172207E-14 1.894200E-11 0.000000E+0 2.148707E-1
6.352000E+2 4.082500E-12 1.151217E-14 1.891300E-11 1.732051E-15 2.158568E-1
6.355000E+2 4.072600E-12 1.510232E-14 1.891500E-11 0.000000E+0 2.153106E-1
6.358000E+2 4.073520E-12 8.890276E-15 1.894000E-11 0.000000E+0 2.150750E-1
6.361000E+2 4.072180E-12 1.158952E-14 1.891667E-11 1.154701E-15 2.152694E-1
6.364000E+2 4.089780E-12 9.459757E-15 1.890400E-11 0.000000E+0 2.163447E-1
6.367000E+2 4.098840E-12 7.905884E-15 1.889700E-11 0.000000E+0 2.169043E-1
6.370000E+2 4.120420E-12 9.908935E-15 1.891000E-11 0.000000E+0 2.178964E-1
6.373000E+2 4.136560E-12 1.243214E-14 1.891700E-11 0.000000E+0 2.186689E-1
6.376000E+2 4.155460E-12 6.057062E-15 1.887433E-11 2.886751E-15 2.201646E-1
6.379000E+2 4.149880E-12 5.194901E-15 1.888400E-11 0.000000E+0 2.197564E-1
6.381000E+2 4.158040E-12 8.261537E-15 1.885100E-11 0.000000E+0 2.205740E-1
6.382000E+2 4.166940E-12 9.536404E-15 1.889900E-11 0.000000E+0 2.204847E-1
6.383000E+2 4.163180E-12 1.207381E-14 1.890200E-11 0.000000E+0 2.202508E-1
6.384000E+2 4.162960E-12 4.385544E-15 1.888100E-11 0.000000E+0 2.204841E-1
6.385000E+2 4.172420E-12 6.142231E-15 1.888100E-11 0.000000E+0 2.209851E-1
6.386000E+2 4.179560E-12 7.726772E-15 1.892000E-11 3.464102E-15 2.209070E-1
6.387000E+2 4.178440E-12 8.738593E-15 1.889300E-11 0.000000E+0 2.211634E-1
6.388000E+2 4.187380E-12 1.950197E-14 1.892133E-11 1.154701E-14 2.213047E-1
6.389000E+2 4.211280E-12 1.866901E-14 1.889000E-11 0.000000E+0 2.229370E-1
6.390000E+2 4.210980E-12 1.918768E-14 1.889933E-11 4.041452E-15 2.228110E-1
6.391000E+2 4.206360E-12 1.367326E-14 1.893300E-11 0.000000E+0 2.221708E-1
6.392000E+2 4.208300E-12 1.049833E-14 1.889933E-11 5.773503E-15 2.226692E-1
6.393000E+2 4.213880E-12 4.213906E-15 1.890800E-11 0.000000E+0 2.228623E-1
6.394000E+2 4.205460E-12 1.396202E-14 1.892867E-11 2.309401E-15 2.221741E-1
6.395000E+2 4.208200E-12 1.487145E-14 1.892600E-11 0.000000E+0 2.223502E-1
6.396000E+2 4.212560E-12 1.277098E-14 1.885800E-11 5.715768E-14 2.233832E-1
6.397000E+2 4.193060E-12 8.611214E-15 1.879200E-11 0.000000E+0 2.231301E-1
6.398000E+2 4.185960E-12 8.688095E-15 1.880700E-11 0.000000E+0 2.225746E-1
6.399000E+2 4.174640E-12 9.473806E-15 1.879700E-11 0.000000E+0 2.220908E-1
6.400000E+2 4.176540E-12 5.642960E-15 1.878400E-11 0.000000E+0 2.223456E-1
6.401000E+2 4.167780E-12 5.740383E-15 1.881800E-11 0.000000E+0 2.214784E-1
6.402000E+2 4.171340E-12 6.159789E-15 1.884700E-11 0.000000E+0 2.213265E-1
6.403000E+2 4.175980E-12 4.137270E-15 1.883300E-11 0.000000E+0 2.217374E-1
6.404000E+2 4.167140E-12 9.819267E-15 1.883800E-11 0.000000E+0 2.212093E-1
6.405000E+2 4.160420E-12 7.134914E-15 1.885667E-11 1.674316E-14 2.206339E-1
6.406000E+2 4.157780E-12 5.061324E-15 1.885800E-11 0.000000E+0 2.204783E-1
6.407000E+2 4.158200E-12 6.126581E-15 1.883533E-11 7.505553E-15 2.207659E-1
6.408000E+2 4.154660E-12 8.713381E-15 1.884200E-11 0.000000E+0 2.204999E-1
6.409000E+2 4.140800E-12 6.258994E-15 1.888233E-11 9.237604E-15 2.192949E-1
6.410000E+2 4.137800E-12 1.060495E-14 1.886700E-11 0.000000E+0 2.193141E-1
6.411000E+2 4.137980E-12 9.272918E-15 1.886467E-11 1.501111E-14 2.193508E-1
6.412000E+2 4.145560E-12 2.546945E-14 1.885200E-11 0.000000E+0 2.199003E-1
6.413000E+2 4.157020E-12 1.691706E-14 1.888367E-11 5.773503E-15 2.201384E-1
6.414000E+2 4.131560E-12 2.297026E-14 1.889900E-11 0.000000E+0 2.186126E-1
6.415000E+2 4.111860E-12 1.366503E-14 1.888200E-11 1.905256E-14 2.177661E-1
6.416000E+2 4.111660E-12 9.588431E-15 1.887700E-11 0.000000E+0 2.178132E-1
6.417000E+2 4.109720E-12 3.988358E-15 1.890000E-11 0.000000E+0 2.174455E-1
6.418000E+2 4.128820E-12 6.646202E-15 1.889800E-11 0.000000E+0 2.184792E-1
6.419000E+2 4.140540E-12 2.089481E-14 1.894800E-11 0.000000E+0 2.185212E-1
6.420000E+2 4.133200E-12 3.620359E-14 1.894000E-11 0.000000E+0 2.182260E-1
6.421000E+2 4.112940E-12 2.779942E-14 1.895300E-11 0.000000E+0 2.170073E-1
6.422000E+2 4.117320E-12 2.427740E-14 1.895600E-11 1.732051E-15 2.172041E-1
6.423000E+2 4.091980E-12 1.929072E-14 1.896500E-11 0.000000E+0 2.157648E-1
6.424000E+2 4.091220E-12 3.082113E-14 1.895900E-11 6.928203E-15 2.157930E-1
6.425000E+2 4.095940E-12 2.299082E-14 1.898600E-11 0.000000E+0 2.157348E-1
6.426000E+2 4.114820E-12 1.372979E-14 1.898733E-11 7.505553E-15 2.167139E-1
6.427000E+2 4.098020E-12 1.643295E-14 1.897300E-11 0.000000E+0 2.159922E-1
6.428000E+2 4.107280E-12 1.885808E-14 1.898400E-11 2.078461E-14 2.163548E-1
6.429000E+2 4.105200E-12 1.324726E-14 1.900900E-11 0.000000E+0 2.159609E-1
6.430000E+2 4.100720E-12 1.355847E-14 1.900700E-11 1.732051E-15 2.157479E-1
6.431000E+2 4.095640E-12 8.592322E-15 1.901400E-11 0.000000E+0 2.154013E-1
6.432000E+2 4.108020E-12 9.753563E-15 1.905067E-11 2.886751E-15 2.156365E-1
6.433000E+2 4.120040E-12 1.607632E-14 1.905100E-11 0.000000E+0 2.162637E-1
6.434000E+2 4.128120E-12 1.397827E-14 1.907800E-11 0.000000E+0 2.163812E-1
6.435000E+2 4.123240E-12 1.851926E-14 1.909000E-11 0.000000E+0 2.159895E-1
6.436000E+2 4.099340E-12 1.514127E-14 1.908300E-11 0.000000E+0 2.148163E-1
6.437000E+2 4.107260E-12 4.114973E-15 1.909600E-11 0.000000E+0 2.150848E-1
6.438000E+2 4.107460E-12 8.142051E-15 1.914500E-11 0.000000E+0 2.145448E-1
6.439000E+2 4.122320E-12 1.876699E-15 1.913533E-11 6.350853E-15 2.154297E-1
6.440000E+2 4.120600E-12 4.360619E-15 1.913700E-11 0.000000E+0 2.153211E-1
6.441000E+2 4.112520E-12 6.815204E-15 1.916633E-11 2.136196E-14 2.145700E-1
6.442000E+2 4.106600E-12 5.395832E-15 1.919200E-11 0.000000E+0 2.139746E-1
6.443000E+2 4.113780E-12 8.246939E-15 1.919900E-11 1.039230E-14 2.142705E-1
6.444000E+2 4.121760E-12 1.074770E-14 1.920100E-11 0.000000E+0 2.146638E-1
6.445000E+2 4.133540E-12 8.280278E-15 1.920700E-11 5.196152E-15 2.152101E-1
6.446000E+2 4.137820E-12 1.833445E-14 1.921000E-11 0.000000E+0 2.153993E-1
6.447000E+2 4.144520E-12 8.751400E-15 1.922633E-11 5.773503E-16 2.155648E-1
6.448000E+2 4.125180E-12 1.077344E-14 1.923800E-11 0.000000E+0 2.144287E-1
6.449000E+2 4.139220E-12 1.967249E-14 1.926300E-11 0.000000E+0 2.148793E-1
6.450000E+2 4.122480E-12 1.359143E-14 1.928100E-11 0.000000E+0 2.138105E-1
6.451000E+2 4.136700E-12 1.455816E-14 1.928100E-11 0.000000E+0 2.145480E-1
6.452000E+2 4.134460E-12 8.122992E-15 1.930200E-11 0.000000E+0 2.141985E-1
6.453000E+2 4.157460E-12 9.673831E-15 1.932200E-11 0.000000E+0 2.151672E-1
6.454000E+2 4.137760E-12 1.911408E-14 1.935400E-11 0.000000E+0 2.137935E-1
6.455000E+2 4.148620E-12 9.885444E-15 1.934000E-11 0.000000E+0 2.145098E-1
6.456000E+2 4.147340E-12 5.958020E-15 1.936000E-11 0.000000E+0 2.142221E-1
6.457000E+2 4.149020E-12 1.186600E-14 1.938500E-11 0.000000E+0 2.140325E-1
6.458000E+2 4.146220E-12 1.494028E-14 1.938500E-11 8.660254E-15 2.138881E-1
6.459000E+2 4.148420E-12 8.795567E-15 1.937400E-11 0.000000E+0 2.141231E-1
6.460000E+2 4.144120E-12 1.616901E-14 1.939867E-11 5.773503E-16 2.136291E-1
6.461000E+2 4.156220E-12 8.409935E-15 1.939500E-11 0.000000E+0 2.142934E-1
6.462000E+2 4.158500E-12 8.165476E-15 1.940233E-11 1.443376E-14 2.143299E-1
6.463000E+2 4.157700E-12 4.037326E-15 1.943000E-11 3.957364E-27 2.139835E-1
6.464000E+2 4.160000E-12 1.127697E-14 1.946000E-11 3.464102E-15 2.137718E-1
6.465000E+2 4.167920E-12 4.649946E-15 1.948300E-11 3.957364E-27 2.139260E-1
6.466000E+2 4.180060E-12 7.069866E-15 1.949933E-11 5.773503E-16 2.143694E-1
6.467000E+2 4.190340E-12 7.649706E-15 1.948300E-11 3.957364E-27 2.150767E-1
6.468000E+2 4.195180E-12 9.207714E-15 1.949267E-11 4.618802E-15 2.152184E-1
6.469000E+2 4.190100E-12 1.770494E-14 1.953500E-11 0.000000E+0 2.144919E-1
6.470000E+2 4.213240E-12 1.892282E-14 1.958500E-11 0.000000E+0 2.151259E-1
6.471000E+2 4.207140E-12 9.738224E-15 1.959700E-11 0.000000E+0 2.146829E-1
6.472000E+2 4.209140E-12 2.221572E-14 1.961600E-11 0.000000E+0 2.145769E-1
6.473000E+2 4.219620E-12 1.471690E-14 1.960600E-11 0.000000E+0 2.152209E-1
6.474000E+2 4.226840E-12 8.020785E-15 1.962700E-11 0.000000E+0 2.153584E-1
6.475000E+2 4.221680E-12 1.041163E-14 1.960500E-11 3.957364E-27 2.153369E-1
6.476000E+2 4.224880E-12 1.224263E-14 1.961400E-11 3.957364E-27 2.154012E-1
6.477000E+2 4.222880E-12 1.228116E-14 1.961700E-11 8.660254E-15 2.152664E-1
6.478000E+2 4.222860E-12 2.732764E-15 1.963700E-11 0.000000E+0 2.150461E-1
6.479000E+2 4.223440E-12 1.268002E-14 1.962133E-11 7.505553E-15 2.152473E-1
6.480000E+2 4.232680E-12 5.208839E-15 1.963700E-11 0.000000E+0 2.155462E-1
6.481000E+2 4.242900E-12 6.115145E-15 1.963833E-11 1.327906E-14 2.160519E-1
6.482000E+2 4.263240E-12 1.084541E-14 1.966200E-11 3.957364E-27 2.168264E-1
6.483000E+2 4.252380E-12 2.817423E-14 1.966700E-11 3.957364E-27 2.162190E-1
6.484000E+2 4.238320E-12 5.210758E-15 1.964667E-11 8.082904E-15 2.157272E-1
6.485000E+2 4.242820E-12 1.058475E-14 1.966700E-11 3.957364E-27 2.157330E-1
6.486000E+2 4.241380E-12 9.418439E-15 1.967100E-11 0.000000E+0 2.156159E-1
6.487000E+2 4.268280E-12 1.085412E-14 1.965300E-11 3.957364E-27 2.171821E-1
6.488000E+2 4.245400E-12 1.399375E-14 1.966700E-11 3.957364E-27 2.158641E-1
6.489000E+2 4.273280E-12 2.456821E-14 1.966700E-11 3.957364E-27 2.172817E-1
6.490000E+2 4.275300E-12 9.413023E-15 1.966100E-11 3.957364E-27 2.174508E-1
6.491000E+2 4.274360E-12 9.829446E-15 1.972600E-11 0.000000E+0 2.166866E-1
6.492000E+2 4.275880E-12 1.031998E-14 1.971500E-11 3.957364E-27 2.168846E-1
6.493000E+2 4.273660E-12 9.262991E-15 1.972700E-11 1.212436E-14 2.166401E-1
6.494000E+2 4.288320E-12 1.815081E-14 1.975600E-11 0.000000E+0 2.170642E-1
6.495000E+2 4.290980E-12 9.925069E-15 1.975333E-11 9.237604E-15 2.172281E-1
6.496000E+2 4.297840E-12 1.144063E-14 1.978700E-11 3.957364E-27 2.172052E-1
6.497000E+2 4.285640E-12 6.125602E-15 1.977100E-11 6.928203E-15 2.167639E-1
6.498000E+2 4.277480E-12 1.612861E-14 1.976600E-11 3.957364E-27 2.164059E-1
6.499000E+2 4.279800E-12 1.983356E-14 1.978933E-11 1.154701E-15 2.162680E-1
6.500000E+2 4.298480E-12 1.675700E-14 1.979300E-11 0.000000E+0 2.171717E-1
6.501000E+2 4.294440E-12 9.528798E-15 1.980400E-11 1.212436E-14 2.168471E-1
6.502000E+2 4.291700E-12 1.839905E-14 1.980000E-11 0.000000E+0 2.167525E-1
6.503000E+2 4.292480E-12 4.504109E-15 1.983300E-11 2.078461E-14 2.164312E-1
6.504000E+2 4.288820E-12 9.541331E-15 1.980000E-11 0.000000E+0 2.166071E-1
6.505000E+2 4.288480E-12 1.109401E-14 1.982500E-11 3.957364E-27 2.163168E-1
6.506000E+2 4.274980E-12 7.480441E-15 1.984300E-11 3.957364E-27 2.154402E-1
6.507000E+2 4.263320E-12 9.684369E-15 1.983500E-11 0.000000E+0 2.149392E-1
6.508000E+2 4.266080E-12 1.083499E-14 1.983567E-11 2.886751E-15 2.150712E-1
6.509000E+2 4.258800E-12 7.529608E-15 1.984400E-11 0.000000E+0 2.146140E-1
6.510000E+2 4.289560E-12 9.430960E-15 1.985033E-11 1.154701E-15 2.160951E-1
6.511000E+2 4.302560E-12 8.321839E-15 1.985100E-11 0.000000E+0 2.167427E-1
6.512000E+2 4.272540E-12 1.542491E-14 1.985800E-11 3.464102E-15 2.151546E-1
6.513000E+2 4.270120E-12 2.706939E-14 1.985000E-11 0.000000E+0 2.151194E-1
6.514000E+2 4.272000E-12 3.070342E-14 1.987500E-11 0.000000E+0 2.149434E-1
6.515000E+2 4.265380E-12 1.782742E-14 1.987400E-11 8.660254E-15 2.146211E-1
6.516000E+2 4.258300E-12 8.643495E-15 1.987200E-11 0.000000E+0 2.142864E-1
6.517000E+2 4.250180E-12 1.507223E-14 1.988067E-11 9.237604E-15 2.137846E-1
6.518000E+2 4.242420E-12 1.638466E-14 1.986400E-11 0.000000E+0 2.135733E-1
6.519000E+2 4.249500E-12 2.140549E-14 1.987733E-11 5.773503E-15 2.137862E-1
6.520000E+2 4.235080E-12 1.891328E-14 1.991900E-11 0.000000E+0 2.126151E-1
6.521000E+2 4.244780E-12 1.351340E-14 1.989300E-11 1.385641E-14 2.133806E-1
6.522000E+2 4.238880E-12 6.669858E-15 1.989700E-11 3.957364E-27 2.130412E-1
6.523000E+2 4.231660E-12 4.413389E-15 1.992167E-11 1.789786E-14 2.124150E-1
6.524000E+2 4.238100E-12 1.001973E-14 1.990200E-11 3.957364E-27 2.129484E-1
6.525000E+2 4.228640E-12 9.662453E-15 1.990200E-11 3.957364E-27 2.124731E-1
6.526000E+2 4.229320E-12 9.546832E-15 1.989833E-11 5.773503E-16 2.125464E-1
6.527000E+2 4.230520E-12 4.696488E-15 1.989400E-11 3.957364E-27 2.126531E-1
6.528000E+2 4.229620E-12 7.167775E-15 1.989800E-11 1.039230E-14 2.125651E-1
6.529000E+2 4.202520E-12 9.334184E-15 1.993000E-11 0.000000E+0 2.108640E-1
6.530000E+2 4.209340E-12 1.668871E-14 1.992667E-11 1.096966E-14 2.112416E-1
6.531000E+2 4.232800E-12 5.278731E-15 1.995400E-11 0.000000E+0 2.121279E-1
6.532000E+2 4.226300E-12 6.562012E-15 1.995600E-11 6.928203E-15 2.117809E-1
6.533000E+2 4.225540E-12 9.032054E-15 1.997200E-11 0.000000E+0 2.115732E-1
6.534000E+2 4.227640E-12 4.084483E-15 1.995967E-11 4.041452E-15 2.118091E-1
6.535000E+2 4.212680E-12 1.262169E-14 1.998400E-11 0.000000E+0 2.108026E-1
6.536000E+2 4.206940E-12 4.062388E-15 1.995733E-11 1.674316E-14 2.107967E-1
6.537000E+2 4.214140E-12 4.537400E-15 1.996900E-11 0.000000E+0 2.110341E-1
6.538000E+2 4.208880E-12 1.006166E-14 1.997800E-11 0.000000E+0 2.106757E-1
6.539000E+2 4.222600E-12 1.812360E-14 1.996100E-11 0.000000E+0 2.115425E-1
6.540000E+2 4.196600E-12 3.253168E-14 1.996700E-11 0.000000E+0 2.101768E-1
6.541000E+2 4.199960E-12 4.558830E-14 1.995200E-11 0.000000E+0 2.105032E-1
6.542000E+2 4.226340E-12 2.081113E-14 1.998500E-11 0.000000E+0 2.114756E-1
6.543000E+2 4.222980E-12 1.645591E-14 2.002300E-11 0.000000E+0 2.109065E-1
6.544000E+2 4.228380E-12 1.590934E-14 2.002300E-11 0.000000E+0 2.111761E-1
6.545000E+2 4.221840E-12 1.676195E-14 2.001500E-11 3.464102E-15 2.109338E-1
6.546000E+2 4.220980E-12 4.070258E-15 2.004700E-11 0.000000E+0 2.105542E-1
6.547000E+2 4.218060E-12 1.775917E-14 2.003167E-11 1.674316E-14 2.105696E-1
6.548000E+2 4.220620E-12 1.950813E-14 2.002800E-11 0.000000E+0 2.107360E-1
6.549000E+2 4.222660E-12 1.770446E-14 2.003400E-11 1.212436E-14 2.107747E-1
6.550000E+2 4.230040E-12 1.385597E-14 2.003900E-11 3.957364E-27 2.110904E-1
6.551000E+2 4.215300E-12 1.474788E-14 2.004467E-11 1.501111E-14 2.102953E-1
6.552000E+2 4.221260E-12 2.063306E-14 2.002300E-11 0.000000E+0 2.108206E-1
6.553000E+2 4.198260E-12 1.042128E-14 2.003900E-11 8.660254E-15 2.095045E-1
6.554000E+2 4.202060E-12 2.694407E-14 2.004400E-11 0.000000E+0 2.096418E-1
6.555000E+2 4.219320E-12 9.619615E-15 2.004600E-11 0.000000E+0 2.104819E-1
6.556000E+2 4.214960E-12 1.178083E-14 2.002300E-11 0.000000E+0 2.105059E-1
6.557000E+2 4.218700E-12 9.540178E-15 2.001633E-11 2.309401E-15 2.107629E-1
6.558000E+2 4.200700E-12 1.403193E-14 2.002900E-11 0.000000E+0 2.097309E-1
6.559000E+2 4.215080E-12 5.323721E-15 2.000267E-11 6.350853E-15 2.107259E-1
6.560000E+2 4.216980E-12 7.385256E-15 2.003200E-11 0.000000E+0 2.105122E-1
6.561000E+2 4.213620E-12 2.328684E-14 2.006333E-11 4.618802E-15 2.100159E-1
6.562000E+2 4.205200E-12 1.564768E-14 2.008400E-11 3.957364E-27 2.093806E-1
6.563000E+2 4.209060E-12 5.723897E-15 2.006700E-11 1.732051E-15 2.097503E-1
6.564000E+2 4.202320E-12 2.092288E-14 2.007000E-11 0.000000E+0 2.093832E-1
6.565000E+2 4.201640E-12 1.133746E-14 2.005067E-11 7.505553E-15 2.095511E-1
6.566000E+2 4.217340E-12 1.947237E-14 2.003700E-11 0.000000E+0 2.104776E-1
6.567000E+2 4.197940E-12 3.480816E-14 2.006067E-11 5.773503E-15 2.092622E-1
6.568000E+2 4.182840E-12 3.753549E-14 2.003200E-11 0.000000E+0 2.088079E-1
6.569000E+2 4.221600E-12 2.608218E-14 2.004800E-11 0.000000E+0 2.105746E-1
6.570000E+2 4.180220E-12 2.647219E-14 2.006500E-11 0.000000E+0 2.083339E-1
6.573000E+2 4.205880E-12 1.568206E-14 2.005100E-11 0.000000E+0 2.097591E-1
6.576000E+2 4.202520E-12 9.879625E-15 2.006767E-11 1.443376E-14 2.094175E-1
6.579000E+2 4.207120E-12 5.167882E-15 2.006800E-11 0.000000E+0 2.096432E-1
6.582000E+2 4.209680E-12 7.421051E-15 2.008200E-11 0.000000E+0 2.096245E-1
6.585000E+2 4.184280E-12 4.842727E-15 2.012100E-11 0.000000E+0 2.079559E-1
6.588000E+2 4.194620E-12 8.353861E-15 2.012500E-11 0.000000E+0 2.084283E-1
6.591000E+2 4.195440E-12 1.267628E-14 2.014100E-11 1.039230E-14 2.083035E-1
6.594000E+2 4.196440E-12 1.063875E-14 2.015900E-11 0.000000E+0 2.081671E-1
6.597000E+2 4.199600E-12 8.094134E-15 2.016300E-11 0.000000E+0 2.082825E-1
6.600000E+2 4.207440E-12 3.687547E-15 2.022100E-11 0.000000E+0 2.080728E-1
6.603000E+2 4.203840E-12 1.502425E-14 2.018100E-11 0.000000E+0 2.083068E-1
6.606000E+2 4.196560E-12 1.217695E-14 2.023533E-11 1.096966E-14 2.073877E-1
6.609000E+2 4.189000E-12 6.088924E-15 2.024600E-11 0.000000E+0 2.069051E-1
6.612000E+2 4.196600E-12 1.409663E-14 2.026400E-11 0.000000E+0 2.070963E-1
6.615000E+2 4.200840E-12 2.795296E-14 2.025967E-11 4.041452E-15 2.073499E-1
6.618000E+2 4.206700E-12 1.654146E-14 2.028667E-11 1.674316E-14 2.073628E-1
6.621000E+2 4.214180E-12 1.834781E-14 2.029500E-11 0.000000E+0 2.076462E-1
6.624000E+2 4.182800E-12 1.465418E-14 2.028700E-11 0.000000E+0 2.061813E-1
6.627000E+2 4.192460E-12 2.253460E-14 2.032300E-11 8.660254E-15 2.062914E-1
6.630000E+2 4.199260E-12 1.925235E-14 2.033500E-11 0.000000E+0 2.065041E-1
6.633000E+2 4.192480E-12 1.720355E-14 2.034767E-11 1.096966E-14 2.060423E-1
6.636000E+2 4.196380E-12 1.917399E-14 2.034900E-11 0.000000E+0 2.062205E-1
6.639000E+2 4.214060E-12 2.168728E-14 2.037200E-11 3.957364E-27 2.068555E-1
6.642000E+2 4.200980E-12 2.028218E-14 2.039567E-11 7.505553E-15 2.059741E-1
6.645000E+2 4.184480E-12 1.027385E-14 2.044000E-11 0.000000E+0 2.047202E-1
6.648000E+2 4.216140E-12 1.878664E-14 2.044900E-11 1.385641E-14 2.061783E-1
6.651000E+2 4.186840E-12 2.082398E-14 2.049700E-11 3.957364E-27 2.042660E-1
6.654000E+2 4.189680E-12 1.374616E-14 2.049000E-11 0.000000E+0 2.044744E-1
6.657000E+2 4.199660E-12 1.954362E-14 2.051000E-11 0.000000E+0 2.047616E-1
6.660000E+2 4.212480E-12 1.797003E-14 2.054900E-11 1.039230E-14 2.049968E-1
6.663000E+2 4.200940E-12 2.028652E-14 2.056300E-11 3.957364E-27 2.042961E-1
6.666000E+2 4.218660E-12 1.631818E-14 2.058200E-11 0.000000E+0 2.049684E-1
6.669000E+2 4.214880E-12 2.072732E-14 2.064000E-11 3.957364E-27 2.042093E-1
6.672000E+2 4.221400E-12 2.016916E-14 2.062900E-11 0.000000E+0 2.046343E-1
6.675000E+2 4.216920E-12 2.702031E-14 2.067433E-11 1.501111E-14 2.039689E-1
6.678000E+2 4.228400E-12 3.041094E-14 2.069100E-11 3.957364E-27 2.043594E-1
6.681000E+2 4.221580E-12 2.213170E-14 2.072100E-11 0.000000E+0 2.037344E-1
6.684000E+2 4.228540E-12 1.690349E-14 2.074600E-11 6.928203E-15 2.038244E-1
6.687000E+2 4.235320E-12 1.517603E-14 2.075500E-11 0.000000E+0 2.040626E-1
6.690000E+2 4.225680E-12 1.027872E-14 2.079700E-11 0.000000E+0 2.031870E-1
6.693000E+2 4.226800E-12 1.287672E-14 2.080400E-11 3.957364E-27 2.031725E-1
6.696000E+2 4.225540E-12 1.123779E-14 2.083600E-11 0.000000E+0 2.028000E-1
6.699000E+2 4.234680E-12 1.392990E-14 2.080733E-11 3.002221E-14 2.035186E-1
6.702000E+2 4.213840E-12 1.087925E-14 2.078800E-11 0.000000E+0 2.027054E-1
6.705000E+2 4.203860E-12 1.741933E-14 2.080800E-11 0.000000E+0 2.020309E-1
6.708000E+2 4.211060E-12 5.780398E-15 2.082200E-11 0.000000E+0 2.022409E-1
6.711000E+2 4.212280E-12 1.853893E-14 2.083400E-11 0.000000E+0 2.021830E-1
6.714000E+2 4.213560E-12 1.840185E-14 2.090000E-11 0.000000E+0 2.016057E-1
6.717000E+2 4.218940E-12 2.085876E-14 2.089000E-11 0.000000E+0 2.019598E-1
6.720000E+2 4.236540E-12 2.236008E-14 2.093000E-11 0.000000E+0 2.024147E-1
6.723000E+2 4.229900E-12 3.377780E-14 2.094667E-11 1.154701E-14 2.019367E-1
6.726000E+2 4.223200E-12 8.614232E-15 2.096000E-11 0.000000E+0 2.014885E-1
6.729000E+2 4.236400E-12 1.763236E-14 2.103000E-11 0.000000E+0 2.014456E-1
6.732000E+2 4.226160E-12 1.349178E-14 2.102333E-11 1.154701E-14 2.010224E-1
6.735000E+2 4.233200E-12 8.800568E-15 2.106000E-11 1.732051E-14 2.010066E-1
6.738000E+2 4.218360E-12 1.110149E-14 2.106000E-11 0.000000E+0 2.003020E-1
6.741000E+2 4.232780E-12 1.847801E-14 2.107667E-11 2.309401E-14 2.008278E-1
6.744000E+2 4.217480E-12 6.313240E-15 2.111000E-11 3.957364E-27 1.997859E-1
6.747000E+2 4.230340E-12 7.748097E-15 2.118000E-11 0.000000E+0 1.997328E-1
6.750000E+2 4.224360E-12 1.213025E-14 2.118333E-11 2.886751E-14 1.994190E-1
6.753000E+2 4.226020E-12 3.825833E-15 2.118000E-11 0.000000E+0 1.995288E-1
6.756000E+2 4.232300E-12 5.951050E-15 2.122000E-11 3.957364E-27 1.994486E-1
6.759000E+2 4.237240E-12 1.116638E-14 2.122000E-11 3.957364E-27 1.996814E-1
6.762000E+2 4.240800E-12 5.843800E-15 2.127000E-11 0.000000E+0 1.993794E-1
6.765000E+2 4.240660E-12 1.313118E-14 2.126667E-11 1.154701E-14 1.994041E-1
6.768000E+2 4.238360E-12 5.105193E-15 2.131000E-11 0.000000E+0 1.988907E-1
6.771000E+2 4.234360E-12 6.656801E-15 2.134000E-11 0.000000E+0 1.984236E-1
6.774000E+2 4.229300E-12 1.314211E-14 2.134667E-11 1.154701E-14 1.981246E-1
6.777000E+2 4.237760E-12 8.323341E-15 2.141000E-11 3.957364E-27 1.979337E-1
6.780000E+2 4.228580E-12 6.986916E-15 2.140333E-11 2.886751E-14 1.975664E-1
6.783000E+2 4.225080E-12 2.856921E-15 2.143000E-11 0.000000E+0 1.971573E-1
6.786000E+2 4.232360E-12 1.272647E-14 2.146000E-11 0.000000E+0 1.972209E-1
6.789000E+2 4.230520E-12 6.829129E-15 2.144333E-11 4.041452E-14 1.972884E-1
6.792000E+2 4.234200E-12 8.742139E-15 2.148000E-11 0.000000E+0 1.971229E-1
6.795000E+2 4.225920E-12 1.439017E-14 2.152000E-11 3.957364E-27 1.963717E-1
6.798000E+2 4.215800E-12 8.076819E-15 2.154000E-11 0.000000E+0 1.957196E-1
6.800000E+2 4.212080E-12 5.452247E-15 2.157000E-11 0.000000E+0 1.952749E-1
